 0.00000000e+00 0.00000000e+00
 1.01010101e-02 8.59755462e-02
 2.02020202e-02 1.62720476e-01
 3.03030303e-02 2.31121631e-01
 4.04040404e-02 2.91980648e-01
 5.05050505e-02 3.46022146e-01
 6.06060606e-02 3.93901127e-01
 7.07070707e-02 4.36209661e-01
 8.08080808e-02 4.73482934e-01
 9.09090909e-02 5.06204715e-01
 1.01010101e-01 5.34812293e-01
 1.11111111e-01 5.59700946e-01
 1.21212121e-01 5.81227972e-01
 1.31313131e-01 5.99716344e-01
 1.41414141e-01 6.15458003e-01
 1.51515152e-01 6.28716844e-01
 1.61616162e-01 6.39731406e-01
 1.71717172e-01 6.48717310e-01
 1.81818182e-01 6.55869462e-01
 1.91919192e-01 6.61364041e-01
 2.02020202e-01 6.65360301e-01
 2.12121212e-01 6.68002194e-01
 2.22222222e-01 6.69419843e-01
 2.32323232e-01 6.69730869e-01
 2.42424242e-01 6.69041590e-01
 2.52525253e-01 6.67448114e-01
 2.62626263e-01 6.65037310e-01
 2.72727273e-01 6.61887706e-01
 2.82828283e-01 6.58070282e-01
 2.92929293e-01 6.53649199e-01
 3.03030303e-01 6.48682455e-01
 3.13131313e-01 6.43222475e-01
 3.23232323e-01 6.37316647e-01
 3.33333333e-01 6.31007807e-01
 3.43434343e-01 6.24334673e-01
 3.53535354e-01 6.17332247e-01
 3.63636364e-01 6.10032165e-01
 3.73737374e-01 6.02463024e-01
 3.83838384e-01 5.94650676e-01
 3.93939394e-01 5.86618486e-01
 4.04040404e-01 5.78387576e-01
 4.14141414e-01 5.69977038e-01
 4.24242424e-01 5.61404130e-01
 4.34343434e-01 5.52684452e-01
 4.44444444e-01 5.43832105e-01
 4.54545455e-01 5.34859835e-01
 4.64646465e-01 5.25779165e-01
 4.74747475e-01 5.16600508e-01
 4.84848485e-01 5.07333280e-01
 4.94949495e-01 4.97985988e-01
 5.05050505e-01 4.88566327e-01
 5.15151515e-01 4.79081248e-01
 5.25252525e-01 4.69537037e-01
 5.35353535e-01 4.59939375e-01
 5.45454545e-01 4.50293398e-01
 5.55555556e-01 4.40603746e-01
 5.65656566e-01 4.30874617e-01
 5.75757576e-01 4.21109804e-01
 5.85858586e-01 4.11312733e-01
 5.95959596e-01 4.01486506e-01
 6.06060606e-01 3.91633923e-01
 6.16161616e-01 3.81757515e-01
 6.26262626e-01 3.71859573e-01
 6.36363636e-01 3.61942165e-01
 6.46464646e-01 3.52007161e-01
 6.56565657e-01 3.42056252e-01
 6.66666667e-01 3.32090966e-01
 6.76767677e-01 3.22112684e-01
 6.86868687e-01 3.12122655e-01
 6.96969697e-01 3.02122008e-01
 7.07070707e-01 2.92111762e-01
 7.17171717e-01 2.82092840e-01
 7.27272727e-01 2.72066075e-01
 7.37373737e-01 2.62032221e-01
 7.47474747e-01 2.51991959e-01
 7.57575758e-01 2.41945904e-01
 7.67676768e-01 2.31894614e-01
 7.77777778e-01 2.21838591e-01
 7.87878788e-01 2.11778290e-01
 7.97979798e-01 2.01714122e-01
 8.08080808e-01 1.91646458e-01
 8.18181818e-01 1.81575634e-01
 8.28282828e-01 1.71501955e-01
 8.38383838e-01 1.61425693e-01
 8.48484848e-01 1.51347098e-01
 8.58585859e-01 1.41266393e-01
 8.68686869e-01 1.31183782e-01
 8.78787879e-01 1.21099447e-01
 8.88888889e-01 1.11013554e-01
 8.98989899e-01 1.00926252e-01
 9.09090909e-01 9.08376780e-02
 9.19191919e-01 8.07479529e-02
 9.29292929e-01 7.06571876e-02
 9.39393939e-01 6.05654821e-02
 9.49494949e-01 5.04729267e-02
 9.59595960e-01 4.03796031e-02
 9.69696970e-01 3.02855850e-02
 9.79797980e-01 2.01909392e-02
 9.89898990e-01 1.00957261e-02
 1.00000000e+00 0.00000000e+00
